[profile.jpeg]
filters=fill=1,0.383178;autocolor=1;autolight=1;fill=1,0.121495;
moddate=48426c4c6f5fd401
width=300
height=306
textactive=0
